
#LinearRegression

Scores  [4.21674442 4.26026816 5.1071608  3.82881892 5.34093789 4.3785611
 7.47384779 5.48226252 4.14885722 6.0669122 ]
Mean  5.030437102767305
Devitation  1.060766115829483

#DecisionTreeRegressor

 Scores  [3.96293806 4.52445927 5.67764121 3.93071085 3.88651515 3.13839131
 5.23858282 3.89271756 3.22428287 4.16016827]
Mean  4.16364073679178
Devitation  0.7586939742974903

#RandomForestRegressor

Scores  [2.66795296 2.61119952 4.49053067 2.54957196 3.24967725 2.70730918
 4.90753772 3.35918448 3.38350173 3.09343291]
Mean  3.3019898379949426
Devitation  0.7645608610208582


